LIBN;32 3.0;326.1;157.5;40.23227088;18.13907997;580;60;3.0;51;241;20
LIBN;32 2.5;326.1;157.5;40.23227088;18.13907997;580;60;2.5;42.54;241;20
LIBN;14 3.0;146.1;150.9;40.24588608;18.12695816;580;60;3.0;51;491;20
LIBN;14 2.5;146.1;150.9;40.24588608;18.12695816;580;60;2.5;42.54;491;20
LIBV;14L 2.5;141;1124;40.78086645;16.92306929;1000;45;2.5;32;367;20
LIBV;14L 2.8;141;1124;40.78086645;16.92306929;1000;45;2.8;36;367;20
LIBV;14R 2.5;141;1129;40.77350245;16.92372854;1000;45;2.5;36;379;20
LIBV;14R 2.8;141;1129;40.77350245;16.92372854;1000;45;2.8;36;379;20
LIBV;32L 3.0;321;1186;40.75462626;16.94393114;1000;45;3.0;32;299;20
LIBV;32L 2.5;321;1186;40.75462626;16.94393114;1000;45;2.5;32;299;20
LIBV;32L 2.8;321;1186;40.75462626;16.94393114;1000;45;2.8;36;299;20
LIPL;31L 3.0;315.15;312;45.42415671;10.27898931;1000;45;3.0;54;250;20
LIPS;26 3.0;262.1;137;45.68595875;12.10256707;1000;60;3.0;67;279;20
LIPS;26 2.5;262.1;137;45.68595875;12.10256707;1000;60;2.5;55.86;279;20
LIPS;08 3.0;082.1;136;45.68293892;12.07191304;1000;60;3.0;67;253;20
LIPS;08 2.5;082.1;136;45.68293892;12.07191304;1000;60;2.5;55.86;253;20
LIRS;03L 3.0;031;15;42.75009740;11.06180294;1000;60;3.0;43;356;20
LIRS;21R 3.3;211;15;42.77246349;11.08002156;1000;60;3.3;47;291;20
LIPC;11 2.8;116.4;18;44.22988306;12.29145009;1000;60;2.8;35.72;260;20
LIPC;11 2.5;116.4;18;44.22988306;12.29145009;1000;60;2.5;32;260;20
LIPC;29 2.8;296.4;9.8;44.21868640;12.32306746;1000;60;2.8;35.91;275;20
LIPC;29 2.5;296.4;9.8;44.21868640;12.32306746;1000;60;2.5;32.14;275;20
LIPI;06 2.6;59;163;45.97353456;13.03507294;1000;60;2.6;36.6;200;15;;2E
LIRM;06R 2.6;060.4;18;41.05365344;14.06703605;1000;60;2.6;49.21;260;20
---aeroporti civili per test-----------------------------------------------
LIRF;16L;162.7;14;41.84592298;12.26152158;1000;60;3.0;56.04;200;20
LIRF;16R;162.7;7;41.81548579;12.22638266;1000;60;3.0;57.41;200;20
LIRF;34L;342.7;8;41.78199927;12.24039689;1000;60;3.0;57.41;200;20
LIRF;34R;342.7;6;41.81243791;12.27552181;1000;60;3.0;57.41;200;20
LIRF;25;251;5;41.80962723;12.26948137;1000;60;3.0;58;200;20
LIRN;24;238.2;223;40.8913601;14.30211306;3000;45;3;51.2;317;20
LIRN;06;058.2;285;40.88168298;14.28156488;1000;45;3.0;50.85;395;20
---piste aggiunte dal file precedente del pacchetto---------------------
EDDF;TEST;70;364;50.02766757167606;8.534360261721835;1000;60;3.0;50;200;10
EDDF;TEST1;70;364;50.02766757167606;8.534360261721835;1000;60;3.0;50;200;10
LFBD;226;226;151;44.838694;-0.701;3100;60;3.0;54;200;10
LFBD;227;227;151;44.838694;-0.701;3100;60;3.0;54;200;10
LFBD;225;225;151;44.838694;-0.701;3100;60;3.0;54;200;100
LFBD;224;224;151;44.838694;-0.701;3100;60;3.0;54;200;10
LFBD;223;223;151;44.838694;-0.701;3100;60;3.0;54;200;10
